0.0  0.0
0.01  0.00175193061185358
0.02  0.0024770092176475437
0.03  0.003091407293217788
0.04  0.0036048367026971216
0.05  0.003870438226302099
0.06  0.004084364439655052
0.07  0.004375226176945401
0.08  0.004655587648554536
0.09  0.0048760373955269
0.1  0.0052718323913969875
0.11  0.005392223309304556
0.12  0.005636725256286221
0.13  0.005835962105789351
0.14  0.006235583536956705
0.15  0.006297231218526155
0.16  0.006552235512018806
0.17  0.006788168160415427
0.18  0.00703410792966453
0.19  0.007113467235947846
0.2  0.006933792464789364
0.21  0.007060852148233626
0.22  0.006980664765480843
0.23  0.00698759943238803
0.24  0.0069464645463776595
0.25  0.006956615543768947
0.26  0.007222863127803491
0.27  0.007748172317256506
0.28  0.007831183765285217
0.29  0.007811497242988893
0.3  0.007813559226700826
0.31  0.007633998717979018
0.32  0.0074987174930848345
0.33  0.007520314100043194
0.34  0.007571481812323253
0.35  0.007643583903426255
0.36  0.007915589981607915
0.37  0.007966771721765162
0.38  0.007903172639826726
0.39  0.008055011218755216
0.4  0.008440901681183732
0.41  0.00856903621551098
0.42  0.008743689661891882
0.43  0.008773190005707808
0.44  0.00914993584087187
0.45  0.009396620425443897
0.46  0.00893316888912727
0.47  0.00933104906806172
0.48  0.009432780631417729
0.49  0.00974555115408242
0.5  0.009936780240713964
0.51  0.009934740080076035
0.52  0.009898157458608807
0.53  0.010004125091595345
0.54  0.01011912357627419
0.55  0.01030351506145901
0.56  0.010783317444411598
0.57  0.010384940007577819
0.58  0.010695792124518995
0.59  0.010672177988332157
0.6  0.01083134067430443
0.61  0.010773785509860927
0.62  0.010873145813446658
0.63  0.011068394920101976
0.64  0.011037537991182516
0.65  0.011001756769099735
0.66  0.010882490269523178
0.67  0.010763382420515654
0.68  0.010953677753670761
0.69  0.011169698304048034
0.7  0.011160837863190814
0.71  0.011321922917925822
0.72  0.011263696701385655
0.73  0.011643675769871851
0.74  0.012075764326743019
0.75  0.011878103898167108
0.76  0.011813188164937897
0.77  0.011781970140746657
0.78  0.012032365813218253
0.79  0.011808060018932755
0.8  0.011858078464335052
0.81  0.011751541773843023
0.82  0.011738885255623048
0.83  0.011883129558840286
0.84  0.012347488701144774
0.85  0.012225617898958078
0.86  0.01222955395251332
0.87  0.012691567136578716
0.88  0.012648311048248257
0.89  0.012782767258519305
0.9  0.012402319917094683
0.91  0.012535984239668094
0.92  0.012328483429353545
0.93  0.012512984506078477
0.94  0.012886861167947994
0.95  0.013161221248758768
0.96  0.013342039452856438
0.97  0.01316283775591748
0.98  0.013678968832821234
0.99  0.013472505165143176
1.0  0.01345191691455445
