0.0  0.0
0.01  0.0012492783330682003
0.02  0.0017601005564470162
0.03  0.002090473423652115
0.04  0.0023149677807120517
0.05  0.002317176322871716
0.06  0.002513140227051041
0.07  0.0026765724771503924
0.08  0.00273125096732053
0.09  0.0026977948269058635
0.1  0.0029486809885588667
0.11  0.0030442397956431133
0.12  0.003235724006871734
0.13  0.003348727721428261
0.14  0.0033659019414256225
0.15  0.003470892684269882
0.16  0.003464763582120115
0.17  0.0037362057007264385
0.18  0.0039018733139342455
0.19  0.0039228609807376875
0.2  0.0038213040777107846
0.21  0.004013282016987292
0.22  0.004014531236732211
0.23  0.003954542482235737
0.24  0.00403323772381336
0.25  0.0042012670338217655
0.26  0.004317506239523298
0.27  0.004422241444971647
0.28  0.0043006439562003765
0.29  0.004289983406210679
0.3  0.004369725273548326
0.31  0.004403291963590989
0.32  0.004269533157491022
0.33  0.00438266695360805
0.34  0.004358666240134165
0.35  0.004491320316029636
0.36  0.004348322830892984
0.37  0.004277399676624672
0.38  0.004331764677101931
0.39  0.004628901482614605
0.4  0.004671273531975031
0.41  0.004761909192399048
0.42  0.00481941857674535
0.43  0.004768808074780678
0.44  0.005114324955922956
0.45  0.005121567001288423
0.46  0.004922666708492682
0.47  0.005289785952462598
0.48  0.005471759899434717
0.49  0.00561399525750556
0.5  0.005719992546772978
0.51  0.005732594416991257
0.52  0.005722852624267077
0.53  0.005721161561754573
0.54  0.005786785199196269
0.55  0.005911835396970886
0.56  0.0060771074845578235
0.57  0.005840966040285074
0.58  0.005855916345749999
0.59  0.005814163431603316
0.6  0.005754296179763264
0.61  0.005879693951850717
0.62  0.00580392963130776
0.63  0.005892705023548067
0.64  0.005767285691127865
0.65  0.005779323607812134
0.66  0.005642662227063418
0.67  0.005712273234104741
0.68  0.005788790706157735
0.69  0.0059727798437120465
0.7  0.006112752233657526
0.71  0.006247732851484126
0.72  0.00594058780131662
0.73  0.0061053991862680184
0.74  0.00668744240707518
0.75  0.006665592423510934
0.76  0.006528513327273767
0.77  0.006417264158993274
0.78  0.006699415579084313
0.79  0.006426623630943637
0.8  0.006327660154003726
0.81  0.006530687568872336
0.82  0.006562316388046875
0.83  0.006720693059579922
0.84  0.006801259682035347
0.85  0.006652151301537176
0.86  0.006776065750669425
0.87  0.006866985092371081
0.88  0.006862407026624509
0.89  0.006895961819323952
0.9  0.006855384704444699
0.91  0.007007005284968946
0.92  0.006972845585624909
0.93  0.0068448502794056345
0.94  0.0069977169356810935
0.95  0.007067476329872032
0.96  0.007209992601057988
0.97  0.007096366784032333
0.98  0.007215965688231032
0.99  0.007016935105774934
1.0  0.006901519120377681
