0.0  0.0
0.01  0.002254582890638952
0.02  0.003193917878848091
0.03  0.004092341162783456
0.04  0.0048947056246822045
0.05  0.005423700129732471
0.06  0.005655588652259048
0.07  0.006073879876740416
0.08  0.006579924329788529
0.09  0.00705427996414792
0.1  0.007594983794235097
0.11  0.0077402068229659995
0.12  0.008037726505700686
0.13  0.008323196490150456
0.14  0.009105265132487822
0.15  0.009123569752782416
0.16  0.00963970744191752
0.17  0.009840130620104425
0.18  0.010166342545394799
0.19  0.010304073491157938
0.2  0.010046280851867935
0.21  0.010108422279479926
0.22  0.00994679829422954
0.23  0.010020656382540365
0.24  0.009859691368941905
0.25  0.009711964053716094
0.26  0.010128220016083688
0.27  0.011074103189541284
0.28  0.01136172357437004
0.29  0.0113330110797671
0.3  0.011257393179853336
0.31  0.010864705472367087
0.32  0.010727901828678648
0.33  0.010657961246478286
0.34  0.010784297384512335
0.35  0.010795847490822857
0.36  0.01148285713232286
0.37  0.011656143766905616
0.38  0.011474580602551535
0.39  0.011481120954895861
0.4  0.012210529830392457
0.41  0.012376163238622938
0.42  0.012667960747038406
0.43  0.012777571936634965
0.44  0.013185546725820783
0.45  0.013671673849599287
0.46  0.0129436710697618
0.47  0.013372312183660851
0.48  0.013393801363400756
0.49  0.013877107050659272
0.5  0.014153567934654956
0.51  0.014136885743160852
0.52  0.014073462292950525
0.53  0.01428708862143608
0.54  0.014451461953352103
0.55  0.014695194725947127
0.56  0.015489527404265409
0.57  0.014928913974870549
0.58  0.015535667903288001
0.59  0.01553019254506097
0.6  0.01590838516884565
0.61  0.015667877067871174
0.62  0.01594236199558554
0.63  0.016244084816655888
0.64  0.016307790291237176
0.65  0.016224189930387302
0.66  0.01612231831198295
0.67  0.015814491606926558
0.68  0.016118564801183784
0.69  0.016366616764384053
0.7  0.01620892349272408
0.71  0.01639611298436759
0.72  0.016586805601454674
0.73  0.017181952353475638
0.74  0.01746408624641084
0.75  0.01709061537282328
0.76  0.017097863002601982
0.77  0.017146676122500006
0.78  0.017365316047352232
0.79  0.017189496406921835
0.8  0.017388496774666463
0.81  0.016972395978813695
0.82  0.016915454123199194
0.83  0.017045566058100616
0.84  0.0178937177202542
0.85  0.01779908449637891
0.86  0.01768304215435719
0.87  0.018516149180786267
0.88  0.018434215069872015
0.89  0.018669572697714645
0.9  0.017949255129744737
0.91  0.018064963194367168
0.92  0.017684121273082172
0.93  0.018181118732751335
0.94  0.01877600540021498
0.95  0.01925496616764542
0.96  0.019474086304654904
0.97  0.019229308727802624
0.98  0.0201419719774114
0.99  0.01992807522451139
1.0  0.020002314708731327
