0.0  0.0
0.01  0.0018134782482962498
0.02  0.002458243750563589
0.03  0.003070867570188892
0.04  0.0034287473777412448
0.05  0.003794863291413855
0.06  0.0041925343059239974
0.07  0.004539422270977746
0.08  0.004576257871261871
0.09  0.004954293490135155
0.1  0.005134511436960803
0.11  0.005154656386090421
0.12  0.005418789020545567
0.13  0.00547676078910567
0.14  0.005407451735966323
0.15  0.0056237859768496585
0.16  0.005789310892062525
0.17  0.005971351602697703
0.18  0.006342233785163731
0.19  0.006477331041786331
0.2  0.0065086420008033516
0.21  0.006510624150706097
0.22  0.006583054321372601
0.23  0.00657560615847983
0.24  0.006656654646057341
0.25  0.006971316357150507
0.26  0.007227643198489221
0.27  0.0073536130317936686
0.28  0.0074229896174875755
0.29  0.007781430749364535
0.3  0.008129765268149382
0.31  0.008155173349368293
0.32  0.008165839356994197
0.33  0.008252700935313335
0.34  0.00818835495022439
0.35  0.00854635962742934
0.36  0.008636354505882928
0.37  0.008523163860755483
0.38  0.008347090256701994
0.39  0.00852026186650149
0.4  0.008564414279872905
0.41  0.008727122539971873
0.42  0.008903542030883305
0.43  0.009019612467646867
0.44  0.009112154304215902
0.45  0.009048891682530223
0.46  0.008990789771717012
0.47  0.008954984174128263
0.48  0.009007893999402949
0.49  0.00875152553377274
0.5  0.008852332258120767
0.51  0.008846625415226314
0.52  0.009303285623586939
0.53  0.009442271092723187
0.54  0.009759510182608152
0.55  0.009442991528034824
0.56  0.009510264656567837
0.57  0.009623422778648845
0.58  0.009537095893230362
0.59  0.00971479471510036
0.6  0.00996818722886334
0.61  0.010084419499753687
0.62  0.00994580513377205
0.63  0.010157550843692239
0.64  0.010128693572561603
0.65  0.010435566646774872
0.66  0.010097377088468112
0.67  0.010129998422176666
0.68  0.010160358661873382
0.69  0.010274113795578363
0.7  0.009989189893952167
0.71  0.010407465787913394
0.72  0.010702027672225597
0.73  0.010882145981346635
0.74  0.011102915967265679
0.75  0.01149447005566987
0.76  0.011376102031317238
0.77  0.011597443924762398
0.78  0.011587028180785997
0.79  0.011525740449599527
0.8  0.011489844770887863
0.81  0.01126056656997209
0.82  0.011610649985893751
0.83  0.011755076488336576
0.84  0.012259005455819982
0.85  0.01190185625530975
0.86  0.011951685672389087
0.87  0.011697973671141592
0.88  0.012240761718941416
0.89  0.0123582150439574
0.9  0.012369934913518699
0.91  0.012255592953689026
0.92  0.012290782937104509
0.93  0.01249983874780396
0.94  0.012874906460831937
0.95  0.01274739941401693
0.96  0.01297510092219713
0.97  0.013208838231086208
0.98  0.013343499328117259
0.99  0.0134629355513238
1.0  0.013330793026174476
