0.0  0.0
0.01  0.0013321925513373042
0.02  0.001737659676808805
0.03  0.0019985112185487643
0.04  0.0022160888722159476
0.05  0.002504527869774856
0.06  0.0027140082200935774
0.07  0.002876756004863709
0.08  0.002909032470199802
0.09  0.0030236837652042343
0.1  0.003120659452345878
0.11  0.002999701998003968
0.12  0.003125817641571696
0.13  0.0031141462957723766
0.14  0.0031049748081442732
0.15  0.0032578432661243043
0.16  0.0035877649092343968
0.17  0.0038126662481129565
0.18  0.004053466033398099
0.19  0.004340265722962004
0.2  0.004228952372513854
0.21  0.004252973666637469
0.22  0.004365455927338992
0.23  0.00442185521819628
0.24  0.004473465385497941
0.25  0.004591466721211519
0.26  0.00479183080129527
0.27  0.004740624912326494
0.28  0.0046570167709672474
0.29  0.004657090707748192
0.3  0.00498340428235419
0.31  0.004892978141375229
0.32  0.004874392402297031
0.33  0.0051070086637531814
0.34  0.0050812676163776715
0.35  0.0051184699895833715
0.36  0.005142160202843292
0.37  0.0051555800241991035
0.38  0.005008260168006092
0.39  0.005021679332108226
0.4  0.00506347337236257
0.41  0.00529905704766502
0.42  0.005358349624409975
0.43  0.005253389435505623
0.44  0.0054437335470134745
0.45  0.005471486006574133
0.46  0.005208914436982054
0.47  0.005055475817308626
0.48  0.0049690393734755384
0.49  0.005010055320177581
0.5  0.00516917796179501
0.51  0.005247564213825725
0.52  0.00559822976213965
0.53  0.005447143311419466
0.54  0.00550702724659909
0.55  0.0053978522743055556
0.56  0.0053700330320790406
0.57  0.005297536021912328
0.58  0.005407255923084123
0.59  0.005235342651365305
0.6  0.005377093988204998
0.61  0.00542875768859471
0.62  0.0051043889728774085
0.63  0.00525872812986866
0.64  0.005202407636422883
0.65  0.005361301679208872
0.66  0.005040025153887437
0.67  0.005013519725202564
0.68  0.005104331828737439
0.69  0.0054493835111822896
0.7  0.005553106078208374
0.71  0.005767924870755867
0.72  0.00602379165397247
0.73  0.0060260601340331515
0.74  0.00625857570328095
0.75  0.006165065187224712
0.76  0.006286242014718385
0.77  0.006465890028928944
0.78  0.006143298428236444
0.79  0.006127672280739872
0.8  0.006315036273649066
0.81  0.006130919597058857
0.82  0.006238519139874255
0.83  0.006312658074089874
0.84  0.006490525516856663
0.85  0.0063933207475039685
0.86  0.006363946700866131
0.87  0.006311503603168296
0.88  0.006488629016950771
0.89  0.006628887732000346
0.9  0.006591412328306326
0.91  0.006636887645989214
0.92  0.006511552115280124
0.93  0.006672708506111059
0.94  0.0068292118030753406
0.95  0.006903759314823998
0.96  0.007112333524950397
0.97  0.007335390327505054
0.98  0.007358085236973956
0.99  0.007581970713484356
1.0  0.007411831111347672
