0.0  0.0
0.01  0.0022947639452551936
0.02  0.003178827824318376
0.03  0.004143223921829016
0.04  0.004641405883266541
0.05  0.005085198713052846
0.06  0.005671060391754413
0.07  0.0062020885370917805
0.08  0.006243483272323958
0.09  0.006884903215066083
0.1  0.0071483634215757505
0.11  0.007309610774176888
0.12  0.007711760399519426
0.13  0.007839375282438957
0.14  0.007709928663788346
0.15  0.007989728687575009
0.16  0.007990856874890631
0.17  0.008130036957282457
0.18  0.008631001536929358
0.19  0.008614396360610612
0.2  0.008788331629092866
0.21  0.008768274634774755
0.22  0.00880065271540618
0.23  0.008729357098763388
0.24  0.008839843906616737
0.25  0.009351165993089482
0.26  0.009663455595683169
0.27  0.009966601151260761
0.28  0.010188962464007897
0.29  0.01090577079098087
0.3  0.011276126253944587
0.31  0.011417368557361298
0.32  0.011457286311691345
0.33  0.011398393206873516
0.34  0.011295442284071108
0.35  0.011974249265275301
0.36  0.01213054880892256
0.37  0.011890747697311885
0.38  0.011685920345397897
0.39  0.012018844400894768
0.4  0.01206535518738324
0.41  0.012155188032278764
0.42  0.012448734437356656
0.43  0.012785835499788142
0.44  0.012780575061418305
0.45  0.012626297358486327
0.46  0.012772665106451985
0.47  0.0128544925309479
0.48  0.013046748625330347
0.49  0.01249299574736792
0.5  0.012535486554446555
0.51  0.012445686616626912
0.52  0.013008341485034283
0.53  0.01343739887402687
0.54  0.014011993118617191
0.55  0.013488130781764108
0.56  0.013650496281056667
0.57  0.013949309535385382
0.58  0.013666935863376558
0.59  0.01419424677883541
0.6  0.01455928046952169
0.61  0.014740081310912607
0.62  0.014787221294666737
0.63  0.015056373557515832
0.64  0.015054979508700292
0.65  0.015509831614340872
0.66  0.015154729023048796
0.67  0.015246477119150757
0.68  0.015216385495009366
0.69  0.015098844079974425
0.7  0.014425273709695893
0.71  0.015047006705070937
0.72  0.015380263690478775
0.73  0.015738231828660156
0.74  0.01594725623125035
0.75  0.016823874924114943
0.76  0.01646596204791604
0.77  0.01672899782059577
0.78  0.017030757933335625
0.79  0.01692380861845915
0.8  0.01666465326812674
0.81  0.016390213542885314
0.82  0.016982780831913298
0.83  0.017197494902583255
0.84  0.018027485394783285
0.85  0.017410391763115526
0.86  0.017539424643912015
0.87  0.017084443739114843
0.88  0.01799289442093205
0.89  0.018087542355914473
0.9  0.01814845749873105
0.91  0.017874298261388904
0.92  0.01807001375892893
0.93  0.01832696898949684
0.94  0.018920601118588506
0.95  0.01859103951320988
0.96  0.018837868319443923
0.97  0.019082286134667285
0.98  0.01932891341926057
0.99  0.01934390038916328
1.0  0.01924975494100127
